00000000000000000000000000000000
00000000000000000000000000000000
00000000000000000000000000000000
00000000000000000000000000000000
00000000000000000000000000000000
00000000000000000000000000000000
00000000000000000000000000000000
00000000000000000000000000000000
00000000000000000000000000000000
00000000000000000000000000000000
00000000000000000000000000000000
00000000000000000000000000000000
00000000000000000000000000000000
01101000000000000000000000000000
01110000000000000000000000000000
01111000000000000000000000000000
10000000000000000000000000000000
10001000000000000000000000000000
10010000000000000000000000000000
00000000000000000000000000000000
10101000000000000000000000000000
10110000000000000000000000000000
10111000000000000000000000000000
11000000000000000000000000000000
11001000000000000000000000000000
